-51.505507 -53.744338 -41.715295
-47.485393 -53.075436 -136.686301
-53.291258 -52.765097 -131.404541
-54.719107 -46.723779 -134.100925
-36.517026 -51.266067 -53.660538
-43.679182 -52.362172 -125.952835
-54.312702 -36.192496 -68.805512
-47.199191 -41.340846 -29.183677
-58.795905 -57.369736 -49.417868
-52.980560 -58.562419 -129.275864
-57.460643 -58.997672 -74.623956
-58.519189 -60.256248 -140.655971
-52.918244 -57.371773 -39.139697
-52.014147 -59.804572 -140.828233
-58.926263 -55.186661 -58.371862
-59.868850 -55.208640 -45.067346
-37.073413 -47.020186 -134.714119
-41.164638 -49.773482 -144.539709
-48.356359 -38.067687 -69.386464
-43.004166 -44.565470 -34.609276
-36.160404 -42.936636 -26.534996
-34.787769 -42.981567 -50.712239
-43.208051 -34.293178 -52.279249
-40.654636 -34.934314 -31.229636
-22.279997 -33.003372 -119.472865
-35.966789 -29.511500 -129.217966
-33.006304 -24.436735 -54.525146
-30.657077 -30.773239 -16.816034
-17.688929 -19.534838 -6.110492
-12.690866 -24.182172 -31.209348
-25.370426 -18.082915 -35.795776
-23.932834 -10.902449 -19.476761
-1.298172 -13.165615 -107.834791
-6.368475 -12.051739 -117.969088
-18.420002 1.035180 -36.968206
-6.493487 -4.814057 3.802750
10.142366 -12.235309 -105.178057
-12.020999 0.957411 -24.692595
-13.336246 14.560772 -17.948917
3.560758 3.375437 15.444246
18.772085 -5.763708 -103.022081
7.178776 -2.912607 -30.079945
-4.677366 19.312228 -86.818759
11.019123 9.797527 37.907025
59.055213 14.032636 -114.078437
8.329726 74.788783 -30.946940
44.073170 58.736867 92.885465
67.145936 41.256314 -113.418185
54.349840 17.618133 4.509991
11.209936 102.641084 -91.415744
64.682896 70.272095 144.107695
104.471250 12.236959 -111.568016
223.403990 79.769720 57.675377
123.413251 164.726179 -100.702818
105.353792 211.120116 154.879201
163.556135 176.426883 262.383303
-49.799416 -50.668200 -34.912847
-44.089155 -54.019693 -49.967479
-50.527739 -51.051442 -141.263311
-54.041438 -40.563046 -140.161811
-31.010285 -31.226084 -17.359251
-31.068487 -34.205380 -38.678491
-29.452419 -34.445035 -129.489336
-33.364273 -28.146861 -131.590832
-17.933538 -19.145296 -7.244268
-15.070518 -19.618520 -21.359185
-19.705058 -18.306862 -113.635142
-20.794098 -16.530829 -120.656272
-27.796346 -47.758051 -124.024598
-47.734748 -36.257525 -63.150210
-52.240652 -24.096906 -121.625591
-40.281903 -35.188750 -16.743442
-20.572390 -26.760830 -121.379459
-21.740306 -28.447620 -65.067210
-29.002852 -17.464244 -122.090407
-20.584319 -21.189328 -5.410827
20.453527 -17.097753 -94.402701
-12.789758 -9.250011 -40.874170
-17.128113 15.969799 -107.145145
-1.861209 4.293225 45.759118
42.286413 4.122562 -88.360787
22.859017 -0.876709 -32.903508
-1.900256 32.183237 -112.300294
10.936402 25.115167 61.324189
66.310913 55.510090 98.811918
86.325534 17.944104 20.169506
55.976571 25.669005 -102.578159
30.007191 74.901770 -112.133749
97.583437 93.832652 164.602169
135.747279 21.051244 -94.803052
75.766698 44.662841 3.588947
26.002762 139.597309 -48.987470
203.464723 130.665775 187.643662
176.467388 113.267781 -77.704249
105.925479 211.703156 16.477582
168.850393 169.372270 258.856133
